# DESCRIPTION: Verilator output: Timestamp data for --skip-identical.  Delete at will.
C "--cc Jx2ExUnit.v --exe sim_exunit0.cpp"
S   4541785 14636698789577199  1527609079   682497600  1527609079   682265400 "/usr/local/bin/verilator_bin"
S       661 281474978577722  1544208520   733067500  1544208520   733067500 "Jx2ConvFpuD2H.v"
S      5728 281474978577723  1544202145   635010800  1529558313   691600900 "Jx2ConvFpuD2I.v"
S       714 281474978577724  1544208275   283480800  1544208275   283480800 "Jx2ConvFpuD2S.v"
S       458 281474978577725  1544204626    35369500  1544204626    35369500 "Jx2ConvFpuH2D.v"
S       445 281474978577726  1544209594    77201000  1544209594    77201000 "Jx2ConvFpuS2D.v"
S     25276 281474978577727  1546203741   177561000  1546203741   177561000 "Jx2CoreDefs.v"
S     11982 281474978577729  1545538990   750464000  1545538990   750464000 "Jx2DcTileA.v"
S     36245 281474978577732  1546201378    89596700  1546201378    89596700 "Jx2DecOp.v"
S     50032 281474978577733  1546270095    50560700  1546270095    50560700 "Jx2DecOpFx.v"
S      1374 281474978583895  1543944482    66597300  1543944482    66597300 "Jx2ExCsAdd48F.v"
S      1495 281474978583896  1543638851   900513400  1543638851   900513400 "Jx2ExCsAdd64F.v"
S      7265 2251799815561148  1543891546   705451300  1543891546   705451300 "Jx2ExMul.v"
S     47050 281474978577736  1546200780   603468300  1546200780   603468300 "Jx2ExOp.v"
S      4618 1125899908718774  1544748879    59515300  1544748879    59515300 "Jx2ExOpAlu.v"
S      4201 21955048185298298  1544902877   759543400  1544902877   759543400 "Jx2ExOpCmp.v"
S      4847 281474978577737  1542682543    44177200  1542682543    44177200 "Jx2ExShad32.v"
S      8446 281474978577738  1542682537   173228600  1542682537   173228600 "Jx2ExShad64.v"
S      4521 1407374885429179  1543600222   908527700  1543600222   908527700 "Jx2ExSwapN.v"
S     20353 281474978577739  1546200708   159972000  1546200708   159972000 "Jx2ExUnit.v"
S      6120 281474978577740  1544560152   242108900  1544560152   242108900 "Jx2FpuAdd.v"
S      8956 281474978577741  1544193334   102633400  1544193334   102633400 "Jx2FpuExOp.v"
S      5963 281474978577742  1544299673   383167400  1544299673   383167400 "Jx2FpuMul.v"
S      8872 281474978577748  1543631971   339889100  1542689402   691952700 "Jx2IcTileC.v"
S     13803 281474978583901  1545536549    18335900  1545536549    18335900 "Jx2MemCache.v"
S     25489 281474978577750  1546203836   857152300  1546203836   857152300 "Jx2MemTileA.v"
S      3695 281474978577753  1543633214   682039000  1543633214   682039000 "Jx2MmuChkAcc.v"
S      7614 281474978583904  1542835098   670182000  1542835098   670182000 "Jx2MmuTlb.v"
S      4318 281474978577756  1542315315   959660700  1542315315   959660700 "Jx2RegFpr.v"
S     19721 281474978577757  1546188069   151396000  1546188069   151396000 "Jx2RegGpr.v"
T   1472800 13792273860683987  1546270100   351352800  1546270100   351352800 "obj_dir/VJx2ExUnit.cpp"
T     51749 13792273860683986  1546270100   279359500  1546270100   279359500 "obj_dir/VJx2ExUnit.h"
T      1786 13792273860683991  1546270100   354351700  1546270100   354351700 "obj_dir/VJx2ExUnit.mk"
T       579 13792273860683985  1546270100   275355100  1546270100   275355100 "obj_dir/VJx2ExUnit__Syms.cpp"
T       772 13792273860683984  1546270100   275355100  1546270100   275355100 "obj_dir/VJx2ExUnit__Syms.h"
T       796 13792273860683989  1546270100   352353600  1546270100   352353600 "obj_dir/VJx2ExUnit___024unit.cpp"
T       896 13792273860683988  1546270100   352353600  1546270100   352353600 "obj_dir/VJx2ExUnit___024unit.h"
T       698 13792273860683992  1546270100   354351700  1546270100   354351700 "obj_dir/VJx2ExUnit__ver.d"
T         0        0  1546270100   355351500  1546270100   355351500 "obj_dir/VJx2ExUnit__verFiles.dat"
T      1192 13792273860683990  1546270100   353353400  1546270100   353353400 "obj_dir/VJx2ExUnit_classes.mk"
